image: submap_0.pgm
resolution: 0.025000
origin: [-4.405040, -5.516154, 0.000000]
negate: 0
occupied_thresh: 0.65
free_thresh: 0.196

